10
10.00 0.72 0.12 0.33 0.17 0.11 0.38 0.73 0.16 0.52 
0.72 10.00 0.99 0.01 0.30 0.33 0.68 0.70 0.43 0.56 
0.12 0.99 10.00 0.34 0.63 0.73 0.14 0.52 0.11 0.42 
0.33 0.01 0.34 10.00 0.34 0.27 0.80 0.11 0.92 0.65 
0.17 0.30 0.63 0.34 10.00 0.93 0.17 0.49 0.56 0.20 
0.11 0.33 0.73 0.27 0.93 10.00 0.12 0.30 0.56 0.51 
0.38 0.68 0.14 0.80 0.17 0.12 10.00 0.03 0.77 0.81 
0.73 0.70 0.52 0.11 0.49 0.30 0.03 10.00 0.65 0.71 
0.16 0.43 0.11 0.92 0.56 0.56 0.77 0.65 10.00 0.91 
0.52 0.56 0.42 0.65 0.20 0.51 0.81 0.71 0.91 10.00 
